2365 4857 4858 2500 4828 2515 4918 2455 4842 2410 4902 2290 2289 4797 2530 2440 4722 4782 2320 4812 2470 4798 2545 4888 2485 4873 4872 2350 4827 2395 2335 4887 4767 4947 4932 4933 4948 2425 4978 4977 2260 2259
2842 4289 2692 4334 2677 4259 2722 4349 2647 4394 2617 4364 2662 2841 4304 4409 4379 2826 2827 4274 2737 4319 2782 4469 4468 2632 4424 4439 2587 4378 2752 2812 2602 2751 4019 2736 4139 2811 2796 2797 4454 4453
1709 1694 5603 5604 1724 5573 5574 5559 1889 1874 5724 1904 1919 5618 5589 5634 5709 1619 5633 1574 1589 5588 1664 5528 1769 1754 5619 1739 5723 5708 5663 1604 5694 5664 1799 1784 5649 5648 1544 5693 5678 5679
3036 1275 1276 3096 1261 3171 1185 3066 1230 3006 1305 1306 1291 1245 1260 3021 3246 3111 1335 3081 1290 3051 1320 3186 1396 1395 1380 1381 3216 1246 1170 3201 3231 3126 3141 1155 3156 1231 3261 1186 3276 1336
278 4485 4470 4471 4486 458 4621 428 4516 323 4426 4425 82 4501 338 4515 83 308 4576 248 4561 353 4546 293 4591 263 4500 98 4575 68 4545 4531 97 113 4560 158 173 4530 143 4410 203 4395
3941 2150 4001 2075 3940 2045 3955 1955 3970 2060 3985 1970 4000 2180 2120 3971 1940 3881 2015 3896 2105 3986 2225 4106 4105 2090 4046 4045 1925 3895 2165 2255 4030 2164 3746 2194 2195 3956 2240 4016 2135 4031
335 3976 425 3931 3946 3945 245 3975 170 3990 140 125 4035 3916 440 4005 80 350 4021 4036 305 3961 290 3930 320 4006 275 4051 4066 4065 260 200 4050 3960 215 230 3915 185 3885 155 4020 95
5052 5051 2231 5066 5067 2426 5022 2381 2396 4992 2366 2351 4962 2276 2321 5007 4961 5097 2411 5172 2456 5037 5036 2261 5082 2336 5127 2306 5021 2171 2441 5157 5112 5187 5186 5171 2246 5142 5141 2096 5126 5111
4131 1341 4116 1386 4162 4161 1236 4146 4147 1401 4192 1371 1356 4132 1476 1431 4237 1566 1565 3907 1490 1491 4117 1416 4207 4222 4221 1221 4176 1326 1445 4057 4191 1446 1461 4027 1296 1311 4086 1251 4206 1206
4688 4703 1704 1689 4658 1734 4749 1749 4719 1869 1884 4734 1719 1554 4659 4718 4794 4763 1614 4673 4674 1854 4629 4644 4643 1599 4733 1539 4778 4779 1764 1824 4748 4764 1779 1794 4704 4689 1809 4599 4598 1569
5706 1364 5692 1334 5586 1349 5601 1259 5556 1379 5721 5722 1529 5707 1229 1289 1514 1559 5557 1424 5617 5616 1244 5571 1274 5511 5496 1214 5631 5632 5602 1409 5661 1469 5572 1484 1499 5587 1439 5647 1394 5662
5598 644 5567 5568 5553 5552 584 5597 629 5582 494 493 508 794 749 5627 5312 5703 839 5718 809 5583 689 674 5537 539 524 5522 569 568 5717 5643 5523 659 5628 719 5658 614 5612 5613 704 5538
3582 3581 3596 2283 3672 2328 3597 2313 3657 2298 3627 2343 3567 2358 2253 2268 3566 3522 3537 2208 3611 3612 2418 3747 2403 3642 3641 2118 3656 2148 2207 3732 2103 2192 2193 3626 2238 3731 2223 3687 3686 3671
3798 694 3753 709 3768 799 3783 3782 529 3812 484 3707 544 679 3767 3722 559 664 3752 649 3858 634 3813 3828 3827 514 3692 3693 589 3737 3873 784 3708 3888 604 3902 3903 3918 3917 619 3797 574
2067 5200 2052 5215 2082 5231 2142 5261 5260 1977 5275 5276 2232 5245 2097 1962 2247 5246 2202 5216 2157 5306 5291 2127 2112 5185 2081 5096 2217 5201 2187 5170 2141 2186 4931 4946 2036 2037 5156 2172 5081 2156
1699 3758 1714 3804 3789 1729 3773 1639 3803 1654 3699 1804 3774 3788 1789 1609 1774 1579 3698 1564 3863 3864 3849 3848 1594 3713 1624 3728 1744 3714 3818 1504 1759 1684 3879 3894 3893 3878 1549 1534 3833 3834
4869 1720 4853 1615 4883 4868 1705 5003 1690 4838 4839 1795 4809 1765 1675 4944 1840 4808 1645 4793 1630 4823 4824 1780 4884 1750 4899 1885 4854 1855 1585 4929 4914 4943 1600 4898 1540 4928 1555 4958 4959 1735
3217 1426 1425 3112 1456 3262 1441 3187 3202 1500 3082 1440 2932 1411 3247 1515 2917 3307 1351 3277 3292 1366 1365 3097 1410 3052 1455 3022 3007 1485 1516 1486 1560 1501 3382 1546 1531 3232 1471 1470 3037 1575
3440 1037 3335 947 3424 3439 917 3409 977 3469 3470 1052 3410 1082 962 3500 1142 1097 3275 1112 3395 3394 992 1007 3425 1022 3485 1067 3455 1157 3365 3530 3350 3364 887 3499 812 3529 827 3454 872 3349
437 3436 3435 167 3420 257 242 3405 3390 3391 422 3541 467 3556 3421 152 452 3555 287 3481 302 317 3360 197 182 3345 3346 347 332 3406 3480 3330 3466 137 3465 92 3450 122 3495 3496 272 3451
5394 5393 1753 5334 1768 5409 1738 5439 1798 1783 5469 1708 5423 1828 5378 5379 1633 5319 1663 1678 5363 1618 1603 5453 5454 1873 5544 5543 1693 5408 5348 1588 1723 1648 5303 1483 1498 5318 5333 1573 5483 5484
991 3290 1066 1065 3035 1050 3065 1080 1081 3185 1051 3305 1006 3245 3050 3215 3379 1096 3125 1005 3080 1095 3020 1200 1215 1216 3230 1141 1156 3380 3140 1201 3260 990 3095 3110 1140 3200 1111 1110 1125 1126
4691 2094 4660 4661 4676 4675 2109 4721 2124 4706 2184 4601 2019 2244 2139 4645 4586 4811 2229 4736 2154 4766 4751 2049 4705 2034 4690 1974 4630 2078 4735 4825 4765 1914 4795 4796 4781 2079 4810 2064 4720 1959
431 5041 281 5056 5055 206 5010 5025 251 5040 161 4950 4965 5026 221 266 176 416 401 5011 371 4966 341 5116 296 5131 5146 5145 86 5115 386 356 101 4951 311 326 5071 5086 5085 131 146 5100
1070 3980 3965 1010 3949 980 3964 875 4039 4040 1025 4010 1145 3950 995 815 4085 1160 3995 3994 965 3934 950 3979 860 4024 4025 1055 3935 1175 4009 935 3905 890 3904 920 905 3919 3920 1085 3830 1115
5211 1392 5242 1482 5212 5197 1497 5167 1452 5137 1407 5287 1347 1317 1437 1467 5302 5241 1257 5196 1377 5272 1362 5227 1422 5152 5151 1212 5286 5301 1332 1527 5271 5346 5361 5362 1512 5257 5256 1242 5136 1227
2459 2444 5608 2504 5593 2534 5533 2549 5578 5577 2399 5503 2384 5623 2579 2519 5518 2594 5713 2624 2639 5563 2609 5638 2474 5668 2414 5637 2309 5517 5728 2489 2294 5727 2429 5607 2324 5562 2369 5592 2339 5502
2044 3760 3761 2134 3791 3806 2149 3866 2089 3775 2104 2119 3716 3790 2224 3821 3715 3805 2029 3701 2179 3776 2269 3911 3910 2074 3851 3850 1924 1939 3700 2254 3865 1954 3820 2059 3925 3926 2239 3836 3835 1969
1333 5391 1393 5407 1408 5376 1258 1243 5316 5317 1438 5482 5467 5497 5422 1213 1363 5512 1378 5541 1348 5421 1228 5436 1183 5406 1318 5332 1423 5437 5526 5451 1453 5527 1543 5377 1513 5452 1528 5542 1558 5392
1541 5063 5062 1526 1511 5017 1586 1571 5078 1556 5123 1616 5033 5032 5047 1691 1751 1436 5092 5093 1706 5048 1631 4973 1646 5018 1661 4913 1676 4988 1601 1481 1570 5108 5107 5122 1421 5002 1451 1466 1465 4807
901 3109 916 3184 871 3244 961 3259 811 826 3319 841 3304 3154 3199 810 856 3169 886 3229 3214 1036 1035 3034 945 3079 825 3139 840 855 931 900 870 3094 885 3049 1020 3004 930 2929 915 3019
3966 1235 3936 1370 3951 1250 3981 3982 1385 1400 4012 1415 4042 3967 3952 3921 1325 1520 4087 1535 3937 1430 3877 3876 1280 3906 1265 3891 1220 4011 1550 1205 1189 4102 4101 1355 3997 3996 1340 4072 4071 1190
1712 3429 3444 3443 3428 1697 3413 1592 1607 3488 3489 1727 3474 3398 1667 3473 1742 1757 3368 3369 1787 3339 3338 1577 3503 1547 1532 3458 1682 3504 1832 3353 3459 1847 3414 1817 1802 3354 1772 3399 1877 1862
5223 642 5207 612 5192 657 5238 717 702 5193 807 792 5343 5222 687 5148 5358 522 5267 5252 5253 672 5283 627 5237 582 5133 732 5208 822 477 5298 747 462 5282 507 492 5297 537 5162 597 5118
3784 964 3754 3769 3770 1054 3755 1069 3785 994 3890 3875 3874 829 1099 1009 814 3814 874 3799 949 3695 1024 3800 1039 3860 979 3829 889 3844 919 1084 859 904 3664 3665 934 3710 3709 769 754 3694
1537 4418 1493 4507 1523 4492 4493 1598 4523 4522 1358 4537 1433 1538 4477 1688 1418 4508 1643 4463 1613 4478 1718 4628 1703 4553 1583 4583 1508 4552 4448 4627 4568 1628 4433 1568 4538 1553 4613 4612 1373 4567
2322 5217 2472 5248 2547 5203 2532 5158 2502 5308 2427 5247 2277 5277 5218 5143 5337 2337 5202 2442 5233 2517 5293 2457 5278 2487 5263 5262 2262 5322 5352 5338 2307 5353 2592 5368 5367 2412 5232 2292 5307 5292
1179 4655 1074 4700 4685 999 4654 984 969 4684 894 4609 4610 1194 1014 4745 1029 4820 4805 1149 4670 4669 879 4699 849 4744 819 4729 4730 1044 1164 909 834 4715 1059 4595 954 4534 924 4594 864 4714
987 5239 5240 1062 5225 1152 5210 1092 5195 1182 5345 1197 5360 972 5224 1167 5359 5254 5255 1032 5194 957 5209 897 5269 5270 1002 5315 1017 5344 1047 5284 5330 5300 1077 5135 5134 882 5299 837 5314 5329
3724 978 3589 873 3559 888 3634 3649 828 3604 948 933 932 3739 903 813 3274 1008 993 3574 963 3619 918 3514 858 3679 843 842 3334 902 1038 753 3363 1023 3544 3543 768 3484 857 3378 767 752
4726 444 4651 4650 249 4756 324 4696 354 4666 429 4801 4800 279 4665 4606 294 4741 4740 99 4680 264 4725 159 4695 219 234 4635 309 4681 4785 4755 189 114 4710 174 4605 129 144 4590 204 4620
3587 648 3618 693 3528 708 3588 783 3648 798 3603 738 3573 633 663 3647 723 3633 678 3663 603 3572 528 513 3512 498 3527 543 3557 3558 618 3632 3542 3602 468 3677 3662 483 3617 588 3513 573
5166 5165 1196 5015 1151 5045 1061 5060 1076 5090 5075 1046 5120 1361 5030 4970 5121 1376 5031 1241 4956 1121 1136 5000 1211 4971 1271 1286 5046 1181 5076 1226 5016 5091 1331 5181 1346 5061 1316 1315 1300 1301
299 5565 329 5581 434 5551 509 5521 5536 374 5506 5505 59 5550 5596 389 58 284 5656 254 269 5595 179 5535 239 5491 5490 209 208 5280 5641 314 194 359 344 5566 449 5626 5611 5610 164 5580
4340 1012 4294 877 4309 1042 4400 997 4355 1072 4325 4324 952 1162 4310 4354 951 4445 1192 4460 1177 4295 1057 4385 967 982 4339 907 906 4084 1147 4384 922 4370 4369 892 4399 847 4249 772 757 4234
5555 5554 1004 5585 1079 5600 5599 974 5584 884 5569 914 5524 1199 5570 944 1049 5720 1184 5705 1169 1154 5630 5629 899 5539 1034 5615 1019 5660 5704 5614 1064 989 5675 5690 5689 824 5659 854 5644 5645
1657 4239 1762 4298 1702 4343 1597 4373 4358 1612 4388 1567 4238 4328 4389 4359 1582 1687 4419 1732 4313 1717 4329 1792 4254 1747 4374 1777 4404 4403 4344 4299 4314 1852 1837 4179 4194 1822 1807 4284 1942 1927
2146 3236 2191 3206 2176 2175 3041 3056 2220 3101 2115 3086 3071 3221 3191 2221 2190 2161 2160 3026 2130 2131 3266 2116 3251 2236 2235 3116 2206 2205 2145 3176 2100 3011 3010 2010 2025 2026 3131 2011 3161 2101
4984 985 4879 970 4925 1000 4849 1045 4775 1090 4835 1165 4895 4985 1075 1030 4894 1150 4850 1105 4880 4865 4864 880 895 4834 1015 4940 4939 820 4790 4789 1060 940 4819 955 4804 910 4774 865 4909 4910
4262 547 548 4502 623 4472 683 4442 563 4397 4396 233 232 592 4487 4412 217 593 578 4517 518 533 4532 473 4562 503 4456 368 4411 218 608 4547 383 4637 4636 443 4577 488 4427 398 413 4351
225 210 2971 375 3061 390 3046 435 436 3376 421 3271 286 2986 360 3286 3331 345 3016 3001 330 3031 420 3076 270 271 3316 301 3301 256 3000 405 3151 195 3045 285 3106 406 3091 3090 3105 255
3384 1861 3264 1816 3189 1786 3174 1756 3309 3308 3323 1561 3158 3383 1875 3324 3159 1726 1725 3084 1860 3069 1815 3054 1770 1771 3294 3279 1711 1710 1800 1785 1876 1801 3249 1846 1845 3039 1830 1831 3234 3219
5234 2712 5204 5219 2697 5309 2713 5399 2683 5369 5354 2743 5264 2622 5279 5414 2652 2623 5429 2698 5324 2728 5384 5383 5398 2653 5339 2668 2667 5249 5444 2563 5489 2638 5459 5458 2608 5428 2488 2473 5413 2593
3518 1517 1518 3622 1488 3592 1503 3683 3668 3667 1413 3562 1502 1638 1473 1578 3472 3548 1653 3593 1593 3533 1563 3638 1608 3608 3607 1428 3532 1458 1728 1533 3547 3743 1698 3653 1548 3623 1683 3578 3577 1443
1870 1871 5034 1916 5080 1961 5020 1976 5125 1886 5140 5155 5154 5004 1901 5110 1721 1946 5019 1931 5050 5065 5064 5049 1796 5109 1781 5079 1736 5124 5095 1856 5094 2051 5035 2021 4990 4989 1811 1826 4974 1766
2755 4844 2695 4784 2650 4889 2635 2620 4874 2725 4814 2740 2739 4739 2649 2680 4694 2694 4679 4664 2769 4724 2619 4799 2710 4859 2770 2785 2784 4709 2679 2665 5009 4754 2575 4843 2605 4949 4934 2590 4993 5008
4213 4214 2616 2631 2630 2615 3974 2675 3989 2690 4034 2706 4094 4228 4004 2780 4093 4229 2601 4153 4154 2721 4124 2691 2676 4109 4108 2496 4123 2661 2586 4169 4168 4138 2571 2556 4064 2646 4184 4199 4198 2436
4115 1146 4145 1041 4160 1056 1071 4130 1101 4070 1026 4129 981 1086 4159 4100 4235 4055 936 4144 861 846 4204 4219 891 4099 921 4114 996 4250 876 4220 1011 4174 4175 4190 4189 966 4264 4265 4280 4279
2310 3042 2355 3012 2325 3117 2356 3222 2371 2370 2385 3027 2475 2311 3087 2386 2460 2326 3192 2400 3057 2340 2982 2280 2281 3252 2416 2401 3237 2461 3072 3102 3282 2265 3177 2250 3132 2341 3267 2251 3386 2266
5236 282 5221 297 5266 312 5205 237 5190 177 5250 252 267 5235 432 162 5265 147 5295 5296 357 5191 372 5101 222 5220 192 5130 116 117 342 387 207 5176 5161 402 417 5206 447 5251 327 5160
652 637 4307 4292 4293 712 4368 802 4353 4352 502 487 486 4338 697 787 4202 4323 682 4398 667 4248 742 4308 817 4458 4457 607 4337 562 622 727 4383 4367 532 4247 4232 4233 577 4322 517 4382
4447 1552 4312 4311 1312 4341 1342 4326 1237 4236 1267 4266 1297 1507 4296 4251 4252 4372 1402 4402 1417 4297 1432 4357 4356 1252 4281 1387 4327 1462 4401 1372 4342 1222 4371 1327 4387 1357 4446 4461 4462 1522
316 3241 3256 331 3196 361 3166 376 3181 346 3226 3211 3210 3225 3195 3180 211 241 3285 151 3270 166 3255 3240 181 196 3120 3121 3136 226 3150 91 300 3165 136 135 3135 90 3075 240 3030 315
3629 2688 3584 3583 2613 3614 2718 3599 3598 2493 3613 2538 3508 3628 2628 2643 3509 2448 3658 2598 2583 3674 2658 3524 2553 3553 3554 2807 3404 2672 3643 2673 3419 2508 3538 3539 2703 3569 2733 2732 3434 2687
3570 168 3600 243 3645 153 3510 3511 333 3676 273 3720 3735 3571 258 3586 3736 453 3721 423 3616 3615 138 3525 3526 348 3601 318 3631 438 3646 123 303 288 3691 3690 108 3630 93 3675 3660 3661
3447 2312 3477 2402 3432 2417 3493 2477 3402 3417 3418 2522 3328 3448 2327 2447 2387 2432 3463 3462 2282 3342 2357 3387 2462 3433 2597 3478 2507 3343 2267 2372 2582 2252 3492 2297 3357 3358 2492 3403 2627 3568
1390 4867 1420 4852 4837 1435 4897 1360 4836 1345 5001 4986 4987 4806 1495 4851 1510 1270 1285 4821 1405 4882 4881 1255 4866 1330 4972 1375 4912 1525 1240 4911 4927 4791 4776 1225 4896 1180 1195 4926 4941 4942
1153 5435 1168 5420 1003 5405 1078 5480 5479 898 5464 808 5494 5525 1018 883 5495 1198 5390 5389 1048 5450 1033 5465 988 5419 838 823 5509 5510 5374 973 5434 5375 1108 5285 943 5404 868 867 852 853
4148 1596 4118 1611 4133 1671 4163 1656 4103 1761 1746 1745 3923 1536 1716 1641 3922 4193 1686 4283 1731 4268 1701 4178 1581 4073 4058 1626 3998 1580 4282 4177 4028 4267 1551 4223 4208 1521 4253 1506 1505 4043
2707 2708 2723 4514 2738 4499 2813 4649 2768 2783 4634 2798 4484 4244 4529 4559 2693 2557 2558 4483 2588 4528 2603 4498 2618 2633 4589 2648 4574 2678 2573 2498 4544 2572 4183 2527 2528 4513 2468 4573 2513 4543
2512 4348 2437 4302 4303 4318 2542 4288 4287 2317 4257 2302 2287 4243 2497 2392 4362 4258 2482 4317 2452 4333 2467 4272 2332 4347 2407 4408 4407 2272 2362 2421 4393 4332 2257 4437 4438 2422 4423 4422 2242 4392
3257 511 3167 556 3122 525 526 3197 645 630 631 3362 3361 616 510 3047 451 615 3182 541 3107 3092 571 570 3077 555 2972 480 3137 450 3212 3032 481 3227 586 585 3062 540 2987 495 496 3152
445 4831 4830 295 4845 265 4860 115 4935 160 4815 190 4770 4981 4846 130 145 430 4891 310 4861 385 4771 370 4876 4875 100 4905 175 4920 4921 4816 4890 325 4906 355 4786 340 4936 280 4995 250
2655 3134 2685 3104 2701 3224 2746 2745 3014 3029 3028 2550 2551 3089 3119 2820 3179 2715 2700 3044 3059 2670 2671 2686 3194 2821 2836 3209 2716 3164 2730 3254 2731 3074 2610 3149 2640 2641 2656 3269 2761 3239
4260 157 4290 4291 4306 382 4261 412 4276 471 472 457 4441 187 337 352 4440 4320 4335 247 262 4381 4380 172 4245 4246 367 4336 292 4455 4365 4305 277 127 4230 4231 322 307 4321 442 427 4366
2424 4692 4707 4708 4693 2514 4663 2589 4678 2574 2559 4558 2483 4677 2529 2604 4588 2409 4737 2334 4602 4603 2484 4662 2454 4738 2469 4618 2394 2379 2319 2439 2544 4617 2304 4752 4753 4768 2499 4633 2664 4648
3741 1323 3591 3590 1158 3681 1143 3575 3576 1383 1398 3561 3560 3740 3605 1233 1113 3725 1188 3621 3620 1128 3545 1218 1203 3606 1278 3516 1263 3531 1308 3636 3515 1293 3546 1248 3666 1173 3651 3650 1053 1068
4878 655 4832 4833 4848 4847 610 4877 4862 4863 790 4893 640 670 715 505 4997 4938 685 4773 700 4908 4907 475 4922 490 4937 535 4892 625 595 460 4772 580 4727 565 4712 459 4742 400 4757 550
3745 2088 3595 3594 1908 3670 1878 3624 1773 1788 3579 3580 2073 3744 1893 3609 3730 3729 1863 3685 1938 3625 1953 3565 2013 3610 1923 3640 2043 2058 1968 3564 3639 3535 1848 1833 3549 1818 3534 1758 1743 3654
4431 1133 4520 4521 1178 1193 4490 1208 4506 4505 1118 4416 1268 1283 4475 1223 4476 4491 1343 4641 4640 1148 4535 1058 4550 4551 1238 1253 4536 1328 4626 4430 4566 4625 1163 4581 4580 1073 4415 1028 1043 4565
4140 4155 4156 291 4110 261 4125 156 171 4185 246 4170 96 201 4111 4215 111 4095 4096 411 396 4126 441 4186 276 4216 351 336 4201 4200 3991 306 4081 381 380 365 366 4141 426 4171 321 4080
650 3963 3978 635 3947 3948 740 3843 3842 395 410 3857 560 3932 605 545 3887 620 3977 515 530 3962 500 4022 485 3872 454 455 470 469 4007 4023 4037 3992 3993 710 3933 695 4008 680 665 4038
4122 2316 4197 2271 4182 2256 4121 2136 4136 4137 2466 2481 4107 2346 2331 2226 2376 4047 2196 4151 4152 4167 4166 2241 4212 4227 2301 4091 4092 2391 2076 4196 2166 4211 4226 2151 4181 2106 2121 4076 2181 4061
1951 3220 1996 3250 1936 1935 3130 1981 3235 2086 2071 3370 2041 1950 3265 2056 2040 1965 3040 2085 3205 1966 3325 3310 1921 3280 1906 1905 3115 3100 3190 1891 3070 2070 3055 1980 3085 1890 3145 1920 2995 1995
253 5476 298 5370 313 5416 5415 268 5445 103 118 5430 133 5400 5401 5446 148 238 5281 388 5386 343 5371 358 5461 283 5431 328 5311 5310 5341 5356 5326 5340 193 5385 223 5355 163 5460 178 5325
832 833 4488 698 4518 788 4503 4504 863 4549 818 4579 4578 4443 713 4429 638 758 4414 923 4474 4473 848 4519 878 893 4564 803 4548 4533 908 983 4623 4444 953 4459 938 4489 968 4624 4639 4638
5189 2786 5024 2726 4964 2666 5023 2606 2591 5129 5128 2516 4963 2771 4979 5068 2546 5084 2621 2636 5054 2681 5069 2651 5038 2576 2561 4903 2531 5053 5173 5099 4904 5174 2801 2800 4994 2696 5039 2711 4919 2741
4572 2273 2258 4496 2243 4481 4482 2408 2423 4647 4646 4631 4632 4587 2228 4542 2453 2333 4512 4511 2153 4541 2093 4526 4527 2318 4452 2348 4497 2438 2138 2213 2363 4451 2288 4557 2303 4466 4467 2393 2378 4377
1805 3984 3969 1835 3939 3938 1625 1640 3953 1730 4029 1760 3908 3924 3954 1715 1610 1790 4044 1775 3909 1850 3819 1879 1880 4014 4013 1700 3983 1595 3999 3759 3968 1865 4104 1910 1909 1894 1895 4089 4088 1685
3777 3778 3763 3762 2434 3808 2479 3823 3822 2314 3717 2344 2359 2464 2449 2299 3702 3793 2494 3853 2404 3883 2419 3792 2329 3807 2389 3673 2433 3703 2509 2374 2463 3718 2524 3733 2539 3688 2478 3523 2373 3552
881 5044 926 4969 866 851 5013 776 761 760 4759 775 4803 5014 4954 4983 850 986 5089 971 5059 896 5104 5119 836 835 4998 4999 911 4924 5164 821 956 5163 806 5149 791 5178 5179 1001 1016 5029
2046 4165 1941 4134 4119 1911 4180 1896 4195 1926 4210 1881 4269 4120 1866 1956 4270 1971 4225 4224 1776 4149 1836 4060 1986 4150 2061 4135 2091 4285 4209 4059 2031 1791 4164 1806 1821 4074 4075 2001 4015 2016
1414 3787 3802 1429 3772 1519 3757 3756 1369 3892 1339 3816 3831 3712 1459 1368 3832 3697 1399 3771 1294 3682 1444 3727 1474 3652 1353 1354 3817 1384 1324 3726 3862 3801 1174 3786 1249 1234 3696 1204 3846 3861
1434 4672 4671 1359 4656 1374 4702 1389 4717 4716 1209 4611 1224 1419 1344 1524 4746 4747 1329 4701 1299 4686 4687 1464 4657 1509 4732 1404 4762 4761 1239 1449 1403 1254 4596 4597 1314 4582 1388 4432 1298 4417
3914 2794 2809 2808 3749 2778 2779 3929 3928 2599 3899 3884 2584 3913 2689 2629 3854 2614 3794 2749 3779 2674 3764 2764 3824 3839 2659 3704 2644 3869 3734 3809 3719 2734 3659 3644 2704 2719 3689 2554 3748 2569
5532 2443 5382 5381 2248 5426 2143 2158 5396 2263 5427 2413 5547 2458 5411 2278 5546 5397 2428 5457 2338 5412 2293 5351 2308 5442 2323 5472 2233 5531 5456 2218 5487 5441 2128 5336 2188 5366 2173 5321 2113 5486
716 5043 701 5058 5057 611 626 5012 536 5117 476 5132 446 5028 521 4982 5147 5027 641 656 5073 5072 506 5042 566 551 4952 491 5087 461 5088 581 5102 686 4968 731 746 4923 596 4953 671 5103
2535 3043 2505 3058 2520 2521 3208 2566 3253 2476 3283 2581 3238 2536 3088 3268 3223 3178 2415 3163 2491 2490 3118 2445 2430 2431 3372 3373 3388 2611 3162 2446 2626 2296 3312 3313 2506 3298 2596 2595 3193 2625
789 4818 804 4653 729 4593 4592 4607 519 4652 534 4682 564 4713 4608 4667 549 639 4743 684 4698 669 4683 714 699 4668 744 4563 579 4622 4758 4728 594 609 4802 624 4817 654 4788 4787 474 4697
1964 5560 2084 5636 2144 5606 2159 5501 2174 5471 2039 5590 1949 1979 5591 2189 5650 5635 5620 2069 5575 2099 5651 2114 2129 5516 2024 5605 1934 5665 5710 5621 2054 5711 2264 2279 5576 2249 5561 2234 5726 5725
2152 4301 4316 2212 4346 2077 4391 4406 4405 1897 4390 1957 4345 2137 2092 1972 2002 4331 4330 2062 4360 4361 2227 4376 2107 4315 2017 4256 4255 1987 4436 2122 2167 4435 1912 4375 2047 4300 2032 4241 2182 4271
613 5402 5417 553 5387 643 5508 5507 478 463 5492 5493 658 5372 538 5447 5448 5373 5388 718 5463 5462 5477 523 5432 628 5478 688 5403 673 5418 5327 5433 763 778 5268 733 5328 583 598 5313 703
3415 2057 3445 3430 3431 3446 2117 3400 1982 1997 3385 1967 3340 2087 2222 3355 3341 3476 2147 3401 2237 3551 3550 2042 3475 1952 3460 3461 2102 3356 2132 3506 2072 3491 3490 1937 1922 3505 1892 3520 3521 3536
5244 1722 5229 1782 5214 1932 5169 5168 1617 5273 5274 1887 5364 1737 1797 5258 5349 5213 5198 1692 1707 5304 1752 5289 1767 5259 1872 5199 1902 1917 5228 5288 1827 1632 5153 1647 5183 1602 5138 5139 1812 5184
1397 3442 1427 3412 1412 3427 3426 1307 3337 1292 3352 1457 1442 3366 3397 3336 3322 1382 3381 1262 1277 3396 1322 1337 3456 1247 3351 1171 3291 1321 3441 3517 1172 1187 3486 3487 1352 1367 3502 3501 1232 3471
4840 4841 2140 4856 4855 2065 4885 1900 4930 1930 4780 2005 4750 2080 2095 4945 1944 4871 2110 4916 2230 4886 2125 4901 4900 1975 4870 1915 4915 1945 2155 2245 4960 4826 2274 2275 4991 5006 5005 2050 4976 4975
4494 1928 4570 1883 1868 4509 1853 1838 4420 2003 4465 2018 2033 4495 4479 1988 4480 1958 4555 1913 4510 1898 4525 1943 4449 4450 1973 4540 2063 2048 4600 4464 4539 4615 4614 1733 4524 1793 4554 1778 4569 1748
3750 319 3765 3766 3751 349 3796 3781 3780 259 3825 3810 109 244 439 154 94 3795 229 3706 304 3826 274 3856 3855 169 3705 78 79 3840 334 3841 63 3811 424 3901 3900 289 3886 3871 3870 64
632 3423 707 3333 692 3408 722 737 3348 572 3287 557 3302 3483 3393 3347 3317 3498 647 3438 797 782 3468 677 3407 512 3497 497 3332 466 662 3392 3482 3453 3452 617 3437 587 3422 602 3467 527
3008 3023 1605 1606 3203 1666 3248 1621 1620 2978 2977 2992 2993 1755 1636 3053 1635 1740 1741 3188 1591 3233 3218 1696 1695 3038 1665 3083 1650 2918 1680 1681 1530 3068 1545 3173 1576 3263 1651 3098 1590 3143
2465 3973 2495 3958 3943 3942 2330 4002 4017 2285 3897 2360 3912 3957 2525 2420 2390 2315 4032 2270 3987 3988 2600 4018 2450 4033 2405 3972 2345 3927 4077 2585 2375 4062 4063 4078 2435 4003 2480 4048 2510 3898
736 3198 706 3243 721 3213 691 3258 766 3183 751 3228 796 735 3108 3093 795 3063 750 765 3078 690 3138 600 3123 705 3033 720 3048 780 3003 601 2988 3002 660 661 3303 3318 646 3273 676 675
4127 666 4158 651 4143 681 4112 4113 711 4098 4097 516 4217 561 696 4083 4218 4157 576 4053 726 4128 831 4263 801 800 785 786 4173 636 4052 4278 4188 4067 501 4142 621 4277 606 4172 531 4187
2023 5380 1978 5410 1963 5395 2053 5545 2068 5530 5529 1888 5500 2022 5425 5440 5499 5230 1992 1993 5350 2038 5365 2008 5335 1933 5470 1918 5515 5514 5320 5290 5485 1843 1842 1857 1858 5305 1947 1948 5455 1903
