3712 1002 3832 919 3916 3915 751 3843 679 3903 3904 1015 3760 1050 3928 3855 1026 1038 3736 978 3784 871 3868 775 3879 727 3927 847 3807 3808 966 3892 3844 967 3856 1039 3880 895 894 3688 942 943
2769 1837 2721 1729 2649 1836 2505 1884 1872 2529 1776 2444 2432 1873 1777 2457 2433 2673 1860 2625 1849 2697 1741 1740 2577 1728 2481 1896 2409 1824 1908 2601 1897 2553 1800 1812 1813 1801 2745 1789 2841 1909
1868 4065 1796 4041 1892 1880 4089 1772 4113 1916 4185 4184 1604 4209 4161 1748 4171 4208 1580 4195 4196 1820 4137 4136 4147 4148 1724 4088 1700 4160 1532 1556 1676 4219 1484 4123 1460 4099 1508 4075 1628 4040
3171 628 3182 652 3195 591 3243 748 3291 724 735 3123 687 604 580 3302 676 3219 663 3254 639 3230 543 532 3170 484 3242 436 3314 3315 615 3338 3194 3099 711 700 3339 3350 508 519 3098 447
2024 4102 2144 4043 2168 4091 2288 2299 3851 2227 3923 2251 3995 3946 4126 2275 2240 1976 4053 2000 4125 4114 2048 4054 2120 3947 2192 3971 2264 4019 4077 4042 2216 1904 4101 1832 3981 1928 3994 1952 4066 4067
1467 2983 1515 3043 1443 3067 1491 3055 1419 3138 1347 3007 3019 3115 1454 3103 1563 1611 1622 2995 1526 3031 1406 2994 1371 3114 3102 1323 3090 3091 1587 1275 3150 3139 3127 3126 1299 3078 1251 3162 3163 3151
3785 1207 3761 1183 3822 1231 3809 1111 3833 1159 3905 3894 1255 1063 1279 1087 3846 3797 1146 1135 3749 3750 1170 3774 3773 1098 3821 991 3845 3857 3881 1194 3917 3869 3870 1303 1314 3798 1338 1327 3918 3929
3145 3144 147 3156 267 3012 219 3132 171 3072 3 3096 123 339 3084 3000 122 2989 470 459 3085 3073 315 3121 3120 99 98 2796 266 2844 3133 291 194 411 3157 387 398 3061 435 3109 3097 195
826 4372 874 4396 802 4455 4443 610 4478 514 4430 634 4502 4479 4468 658 538 850 4324 946 4348 898 4444 778 4503 4491 754 4419 586 4454 957 4492 706 4300 885 4252 933 922 4420 4431 730 4467
2964 110 2904 134 2892 254 2916 206 2881 2880 74 86 2976 2952 182 278 2988 38 26 2928 158 3036 3025 230 218 2953 374 2929 302 2977 14 2905 350 3024 62 3048 3049 326 3001 3013 446 3037
3027 758 3063 747 3003 699 3051 603 2979 675 2991 723 3039 3038 627 2990 710 3026 542 3050 566 3014 590 579 3062 651 3075 3087 771 3015 507 3147 3086 3134 3135 795 3159 3158 531 3002 494 483
820 3220 916 3208 3196 879 3172 772 3244 3256 3255 759 3111 3183 892 940 783 796 807 3100 903 3184 964 3304 988 3352 3340 844 855 3207 831 1036 3303 3231 3232 1023 1012 3328 3327 3316 868 3292
671 4766 647 4646 599 4707 4718 551 4742 527 4670 575 4694 4790 4635 4731 503 4791 791 4767 695 4647 839 4732 4743 719 4779 743 4623 4622 767 959 4755 4719 815 4708 911 4636 875 886 887 4756
1151 4697 1127 4613 1079 4625 1103 4637 983 982 4456 934 4552 4649 4673 4696 1019 1091 4685 1007 4672 4661 1043 1055 4624 971 4576 995 4600 1030 4733 4709 4648 4745 1223 4769 1175 4721 1199 4793 4792 935
2078 3034 3046 2102 3070 3058 2054 2998 2126 3059 2246 2975 2342 3022 3071 3011 2341 2030 2986 2987 2999 2270 2903 2210 2222 3023 2318 2951 2330 2329 2294 2855 2234 3035 3047 2390 2378 2389 2831 2354 2365 2807
970 4325 1114 4397 4409 1090 4349 4361 1149 4265 1101 4313 1245 4360 1138 4229 1234 1053 4408 994 4373 4385 1066 4337 4336 1029 4384 1042 4445 4457 4480 1125 4504 4469 4481 1186 1197 4241 1221 1210 4505 4493
2070 3646 3647 2262 3635 2190 3611 3622 2094 3586 2057 3634 2033 3562 2286 3598 2022 3574 2118 3563 2238 3623 2214 3575 2273 3599 2334 3743 3731 3730 2142 2393 3742 3587 2166 3707 3719 2382 3695 3683 3694 2046
2706 1321 2634 1332 2514 1428 2658 1345 2730 1357 2826 1429 2850 1417 1356 1405 1333 2610 1404 2538 1344 2586 1380 1368 1369 2754 1381 2874 2873 2862 1416 2418 1285 2562 1320 2454 2466 1392 1393 2778 1309 2802
257 3625 281 3505 233 3612 137 3456 185 3552 17 3600 3601 3553 3636 3468 353 209 3481 3480 3492 161 3564 3565 329 3457 305 3637 425 3469 41 377 473 3504 113 3576 3588 3589 449 3613 401 3541
500 488 489 4190 633 4142 537 4226 4237 393 404 4154 572 4130 4214 4238 4094 4131 657 4179 4178 513 4298 4299 681 4227 729 740 4107 620 644 4310 4035 4166 561 4202 4203 609 4286 4275 705 716
3443 2117 3395 2213 3431 2344 2333 3527 3515 3514 2021 3490 2093 2285 2248 3526 3466 3383 2237 3491 2261 3455 2309 3479 3478 2069 3538 3539 3550 2045 2165 2357 2189 3371 2272 3407 2381 3503 3502 2141 2152 3419
3175 1444 3223 1372 3247 1468 3199 1516 3283 1492 3295 3306 1396 1407 1503 1612 3258 3234 1359 1348 3186 3187 1479 3259 1455 3235 1540 3211 3210 1383 3354 1588 1527 3342 3343 3355 1564 3331 3319 1420 1431 3079
4473 1762 4436 1750 4449 1798 4497 1822 4484 1774 4460 1810 4329 1786 1846 1738 1858 4377 1797 4364 4353 1834 4401 1917 1906 4425 1882 1894 4545 1870 1821 1918 4521 4340 1666 1678 4580 4569 4568 1726 4520 4532
1342 4470 1198 4601 1150 4589 1054 4432 4421 1102 4553 4542 1318 1330 4517 4422 1317 4446 1246 4529 4528 1006 4541 1078 4433 1174 1162 4398 1258 4326 1126 4577 1306 4565 4566 1270 4494 1222 4590 1294 1282 4374
4020 104 4080 152 4044 176 4032 56 3960 8 7 18 3816 4021 4045 128 90 320 4069 368 4081 296 4033 248 4116 4104 32 4056 80 79 4117 3972 4068 392 4093 344 4105 224 4057 200 4092 272
1980 2674 1932 1920 1921 2770 1981 1969 2698 1945 1944 2554 1968 2530 2746 1933 2578 2541 1956 2650 2017 2029 2818 2829 2005 2722 1957 2842 2053 2052 2041 1885 2077 2602 2100 2101 2866 2877 1861 2793 2805 2794
3353 1168 3401 1192 3390 1312 3438 1264 3366 3365 976 975 3221 1096 1216 1288 999 3293 3305 1120 3413 3414 1336 3402 1432 3378 3377 1072 3269 1000 3449 1360 3389 3450 1408 3282 1384 3426 3425 1144 3341 1024
1707 2996 2985 1731 3044 1803 3068 1755 3009 1742 3033 3032 1659 3020 1779 1766 3080 1683 2984 1718 3056 3057 1814 2961 1790 2937 1886 1875 3081 3092 3008 1862 3105 1646 1635 3140 3129 1851 3153 3152 1539 3104
1706 2828 1634 2876 2875 1490 2923 2924 1682 2948 1754 2804 1802 2888 1514 2864 2900 1562 2936 1586 2803 2791 1466 2839 2851 1610 2816 1658 2972 1730 2971 1370 2960 1538 2947 1442 2899 2887 1418 2935 1346 2959
4055 2372 4103 2276 4151 2228 4127 4115 2252 4079 2396 2384 3959 2300 4139 4211 2360 4187 2180 4150 2036 4138 2060 4090 2108 4222 4223 2348 2336 4007 2204 2084 2347 4163 2156 4198 2132 4174 4175 2324 2312 4031
1977 4258 1929 4210 2001 4245 1953 4197 1833 4173 1857 4269 1881 1988 2012 4233 4281 4149 1940 4221 1964 4162 2025 4282 2073 4234 2097 4306 4305 1809 1905 4293 4317 4257 1737 4268 1665 4292 1785 4244 1761 4316
2715 613 2739 649 2691 577 2595 601 612 600 2475 672 2451 637 625 2499 2462 636 2667 2678 588 2619 660 2523 744 756 2571 576 2534 648 481 708 2427 2750 589 2763 721 2643 684 2547 624 2438
2869 2858 517 2690 445 2714 505 516 2498 552 2570 504 2474 349 2762 480 384 2785 2797 421 2738 553 564 2666 540 2546 528 529 2594 385 2701 492 541 469 2845 2833 2834 493 2810 2821 397 2786
4164 201 4212 4213 4201 297 4141 321 4249 4260 4261 417 4189 273 4200 4248 441 4129 4140 129 4176 153 4152 105 4128 57 4272 4273 4284 4285 4296 4188 345 177 4308 225 4153 249 4236 4225 369 4165
597 4251 693 4263 765 4323 4322 549 4250 429 4394 477 4370 4262 4371 501 453 669 4347 717 4395 741 4359 861 4407 4406 645 4358 525 4346 4311 4335 573 789 788 4143 812 813 4287 837 4383 4382
4181 4180 4192 1017 4144 873 4216 4204 849 4167 777 4191 860 969 1041 4276 4215 4205 993 4168 4156 4157 1113 4277 4288 945 4228 4239 825 836 884 1137 4240 4036 908 897 4312 4301 1089 4253 4264 921
2112 2518 2088 2566 2064 2590 2028 2638 2113 2734 2125 2710 2173 2446 2542 2124 2161 2136 2422 2040 2470 2016 2494 2184 2185 2662 2089 2686 2172 2160 2410 2196 2137 1992 2506 2076 2065 2614 2613 1825 2781 2782
3372 125 3396 173 3444 245 3420 269 3433 3432 149 3360 53 221 101 197 3528 3361 208 3324 136 3408 184 3276 232 3409 365 3421 317 3529 280 256 389 3385 3397 341 352 3313 304 3373 293 3445
2790 1213 2742 1225 2646 1153 2598 1236 1224 2502 1284 1273 2694 1237 1164 2561 1261 2814 1165 2718 1201 2622 1212 2670 1177 1176 2478 1248 1249 2766 1297 1188 2430 1296 2574 2585 1152 2526 1200 2417 2406 1272
3886 2083 3910 2107 3934 2059 3922 2035 3850 1987 3970 3969 1867 2167 2119 2071 3957 2179 3958 2203 2191 3862 2095 3874 1963 3898 2011 4018 4029 1915 4030 1939 4017 2131 3982 2155 4006 4005 3993 1891 3945 1843
4483 1510 4459 1486 4435 1558 4507 4496 1570 1582 4448 1654 4592 1606 4423 4472 4591 4544 4543 1366 4495 1462 4471 1534 4531 1630 4555 4554 1414 4602 1365 4519 1438 1354 4482 1426 4506 1390 1378 4458 1402 4434
3423 821 3364 869 3424 917 3508 3520 965 3400 989 3509 1061 832 941 3544 3461 3279 808 3375 845 3436 893 3412 797 3532 3533 1013 3472 3460 3376 773 3485 952 3388 3399 856 3447 3448 1037 3496 3484
3703 3715 1446 3595 1542 3560 1614 3584 1566 3643 1518 1517 3535 3704 3619 3632 1481 1662 3656 1638 1649 3608 1577 3571 1470 3631 1529 3487 1457 3583 3728 1505 1469 1710 3680 3679 3691 1494 1493 3511 1445 3463
4607 2243 4535 4534 2027 4654 4643 4655 2219 4619 4630 4631 2387 2291 4558 4667 2398 4583 4571 2147 4547 2195 4595 4606 2099 4678 4679 2315 2326 4511 4582 2075 4703 2051 2062 4594 2038 4522 4523 2267 4559 2363
1400 3943 1352 4063 1424 3967 1376 4074 4062 1328 4050 1280 4098 3991 4015 1208 1256 1459 1447 3847 1483 1472 4039 1496 4111 4110 1160 4038 1304 4122 1495 1507 1184 3895 1531 3871 1471 3919 1519 1520 4087 4086
535 3926 571 3866 499 3902 643 631 3806 583 595 3974 3962 3782 3854 559 3973 511 3914 487 3878 655 667 3998 547 3890 463 3925 415 427 3842 523 391 475 4010 4022 619 3950 3938 3937 3949 403
3735 834 3663 810 3700 786 3724 858 3676 3687 3686 606 3734 702 3699 798 666 3675 582 3710 3711 690 3831 3820 954 3652 906 3748 3759 3758 594 882 3747 3819 3830 642 3771 3772 3783 714 3723 618
3131 2199 3094 2127 3155 2175 3142 2055 3178 2079 3250 3262 3251 2151 2187 3190 2223 3166 2103 3118 2163 3083 2139 3107 2295 3179 2271 3203 2247 3227 2031 3106 3214 2019 3154 2043 3130 2067 3082 1983 3213 3202
1578 3811 1506 3667 1530 3835 1458 3751 3752 1698 3764 1746 1745 3763 3799 1650 3596 1626 3787 1482 3775 1410 3727 3739 1602 3800 1554 3776 1722 1721 3655 3740 3788 1362 3823 3824 3836 1818 3812 1770 3668 1794
142 4428 190 4536 118 4416 166 4572 214 4596 262 4417 4429 4548 4452 4524 454 238 4537 358 4441 4440 70 4488 22 4512 4513 382 4453 442 4573 46 4549 478 4597 334 4561 4560 94 4584 4585 310
4663 1439 4698 1391 4687 1367 4626 1295 4674 1319 4746 4735 1463 1523 1415 1271 4711 1535 4783 1487 1475 4615 1403 4530 1331 4614 1343 4638 1247 4710 4759 1355 1307 1511 1499 4567 1379 4639 1427 4578 1259 4662
1387 3978 3966 3977 3965 1147 3989 3990 1267 3858 1423 1434 3762 3930 1123 3954 1266 1399 1411 4026 4025 4013 1075 4001 1219 3942 1339 3906 1351 3786 1435 1243 1375 4002 1363 3882 1315 4014 1291 1290 3810 1386
1080 2549 996 997 2765 1117 1116 2669 1129 1141 2861 1021 2848 2573 961 2621 877 1128 2477 1056 1057 2717 1069 1068 2501 1092 1081 1093 2741 2740 2453 2645 2837 1104 2525 1140 2597 1105 2693 2692 829 2836
2148 2555 2232 2233 2783 2281 2292 2293 2711 2209 2663 2364 2687 2507 2771 2699 2353 2519 2388 2567 2268 2257 2256 2591 2244 2245 2867 2879 2221 2735 2340 2280 2317 2615 2220 2639 2316 2543 2208 2495 2304 2305
298 4345 4344 154 4500 106 4380 202 4321 322 4489 4501 394 4381 130 346 405 381 4333 4332 250 4356 178 4404 226 4369 333 4405 357 4357 4320 189 418 165 4368 45 34 4392 82 4464 4465 4477
3201 1911 3093 1827 3045 1995 3165 1839 3237 3236 1719 3164 1647 1887 1971 1959 3128 3141 1899 3021 1982 2997 1947 3117 2007 3261 3260 1695 3176 1575 1923 1863 3116 1935 3189 3188 1815 3249 3248 1623 3200 1671
2748 253 2689 325 2725 2724 229 228 2532 108 2652 156 2568 97 301 96 144 2676 252 2593 313 2761 193 2628 276 2508 192 2580 264 2412 265 204 240 2737 289 2773 2772 205 2700 121 132 2556
1310 2910 1190 2934 1214 2886 1262 2946 1298 2898 1322 2970 1382 3066 2958 2922 3018 3065 3054 1238 3030 1334 2982 1166 3006 1286 3042 3041 1070 3017 2993 1154 1118 2981 974 3029 1094 2945 1142 3053 998 3005
4550 670 4587 587 4563 707 4551 851 4516 899 4612 947 4660 622 659 814 923 4598 646 4515 683 4539 4540 803 4599 4588 827 4695 779 4564 4526 4527 4683 598 4574 635 4611 731 4671 755 4659 611
1960 1948 3285 1864 3345 1840 3453 1912 3333 1888 3297 1828 3273 3405 3357 1996 1744 3393 3394 1936 3381 1984 3429 3430 3418 2008 3346 2056 3442 3441 3370 2080 3358 2104 3286 2164 2176 3454 2128 3406 2200 2188
3684 270 3649 366 3697 3708 3696 54 3648 30 29 40 3384 102 318 174 16 3720 3721 294 3673 3685 342 3577 246 3660 150 3624 6 5 3661 222 89 390 3709 438 3733 3732 126 3672 78 77
4328 1677 4400 1581 4256 1605 4267 1617 4291 1485 4339 4327 1389 1725 1629 1521 4338 4352 1557 4280 1653 4304 1641 4232 4243 1533 4363 4351 4362 1293 1701 1593 1437 4376 4375 4387 1461 4315 1509 4411 4399 4410
1337 1325 3462 1241 3473 1097 3569 1217 3521 1193 3486 1301 1313 3582 1169 1145 3606 1265 3558 1289 1277 3510 1229 3497 1073 3557 3568 1025 3605 3617 3630 1121 3629 3641 3640 977 3581 3593 3592 1001 3616 1049
1902 3573 3572 1758 3561 1841 3597 1937 1925 3525 1961 1950 3717 3585 1878 3477 1974 1782 3644 3633 1734 3609 1806 3620 3621 1865 3549 2009 3501 1985 3645 1686 1998 1926 3741 1854 3681 3692 3693 1830 3657 3669
2310 3671 3670 2130 3659 2250 3803 2178 3755 3766 2058 3658 1962 2322 2274 2202 3754 3767 2226 3791 2370 3815 2298 3779 2154 3814 3802 2106 3778 1986 2394 3790 3682 3839 3838 2034 3718 2082 3826 2010 3706 1938
891 3028 939 3040 867 2992 915 3004 3016 987 3064 3052 950 3160 3088 926 2932 1035 3125 3136 963 3077 3076 843 854 2980 782 2967 806 2943 1011 3124 734 3101 1083 3149 3148 819 830 2919 686 2895
1831 3837 1879 3765 1903 1914 3753 1783 3884 1639 3848 1543 3896 3849 3825 3885 1591 1855 3777 1759 3921 1735 3801 1890 3789 1999 3933 3932 1711 3920 3873 3813 1663 3872 1687 3860 3861 1951 3909 3897 1807 3908
2460 216 2473 288 2557 360 361 2617 2629 433 2749 457 456 2448 300 420 2413 2449 312 2509 372 2653 324 2581 468 2605 409 408 2461 432 336 444 2437 337 2665 2677 396 2533 2521 2520 168 2436
2146 4510 2122 4438 4426 4427 2218 4343 2242 4367 2349 4319 2337 4486 2050 4487 4295 2170 4451 2290 4499 4498 2074 4462 2194 4475 2266 4439 2362 2361 4415 4463 2338 2397 2385 4271 2325 2314 2313 4247 2373 4391
1696 3320 3332 1648 3308 1780 1792 3404 1768 3452 3451 3439 1480 3440 1804 3428 3307 1720 3356 1672 3284 1816 3380 3379 1576 3416 3415 1504 3367 1456 3296 3368 3271 1552 3272 1600 3427 1624 3403 3392 3391 1528
133 2760 25 36 2544 48 2496 84 72 73 2616 180 2592 2832 60 2424 2604 13 2688 85 2736 61 49 2664 12 0 1 2712 2713 241 2784 145 109 37 2808 2809 2820 157 2868 277 2857 2856
876 865 2776 949 937 2704 973 2728 889 900 2512 888 2488 2596 948 901 864 2608 985 2632 1009 2656 2644 924 925 2752 913 912 2560 2548 1044 2536 2440 1045 1033 1032 2584 936 2464 960 2416 984
805 2775 841 2751 709 2703 793 792 804 2655 673 2631 697 2847 2727 2511 2607 685 2787 757 2871 733 732 720 2559 816 2535 828 2679 745 2799 2415 2583 781 2823 853 852 840 2439 696 2487 768
2308 3359 3347 2260 3287 2380 3215 2212 3275 2236 3311 3299 3310 2319 2284 2140 2092 2307 3095 2331 2332 3191 2367 2356 3335 3323 3334 3322 2068 3274 3167 3263 2020 2391 3143 2211 3119 2343 3239 3238 2044 3226
1065 1076 4169 1233 4217 1209 4158 1185 4182 1305 4146 4135 1412 4289 1161 4193 4159 4278 4290 1377 4218 4206 1257 4170 1401 4194 1329 4254 4255 1353 4242 1364 4266 4231 1449 4183 1497 4207 1473 4303 4314 1425
4657 4658 419 4586 443 4538 502 4514 395 4693 347 4681 299 251 4645 4562 4633 4644 203 4668 4669 467 4525 430 4442 526 515 4682 491 4634 275 4418 563 4609 4621 4610 539 550 4490 466 4466 574
3944 1664 3992 1688 4028 1712 4004 1640 3980 3968 1616 1627 1615 1568 4016 1651 3907 1567 3931 1555 3979 1592 4112 4124 1784 3956 3955 1448 4027 1579 3859 1736 4051 1603 4003 1544 4064 4076 1808 4100 1760 4052
1130 2801 1106 2789 986 2885 1010 2944 1034 2896 938 2872 2860 2933 2909 2824 794 1058 2897 1082 2921 2920 890 2812 2813 962 2957 2956 770 2908 2825 914 818 1189 2849 1178 2969 2968 866 2884 842 2788
3233 1167 3246 1156 3257 1071 3173 1132 3245 1084 3197 1143 3137 1060 1108 1095 1119 3185 1180 3222 1204 3209 1191 3174 1215 3089 1239 3161 1155 3113 1263 1335 1227 1252 3294 1300 3270 1324 3318 3317 3329 1228
4331 2301 2289 4235 2157 4307 2241 2253 4355 2277 4403 2229 4379 2133 4283 4366 4390 4246 2205 4318 2181 4294 2085 4414 4402 2037 4342 4341 2013 4378 2061 2109 1893 4354 1989 4413 1941 4330 1965 4365 1869 4389
650 2811 626 2870 578 2955 602 2822 482 2918 554 565 2798 2907 2894 2846 661 2906 434 2954 458 2893 362 2965 2966 506 2882 2883 698 2835 386 338 722 2930 410 2917 290 2941 2942 2931 674 2859
1524 1513 2779 1501 1500 2635 1476 1465 2731 1489 2707 1477 2827 1512 2599 1525 1573 2527 1464 2563 1440 1441 2647 1452 1453 2755 1621 1609 2683 1561 1584 2515 2611 2443 1608 2467 2455 1488 2539 1596 1597 1585
3351 784 785 3615 713 3579 737 3639 857 3495 833 3591 3590 760 3567 3604 497 761 3543 809 3471 689 3627 3638 665 3603 617 3494 545 3614 3580 641 521 929 3628 905 3556 3555 593 3470 569 3566
1278 3618 1326 3702 3701 3713 1182 3678 1302 3738 1374 3714 1398 3726 1086 3570 3666 3737 3725 1062 3665 3653 3654 1254 3642 1385 1373 3522 1433 1422 3677 3594 1409 1134 3689 3690 1350 1361 3498 1349 3474 1397
2636 1644 2660 1681 1693 2732 1645 2792 1717 1716 1704 2420 2408 1705 2708 2840 1680 2684 1692 2564 1632 1633 2780 1657 1669 2852 1765 1753 1764 2540 1668 1656 1752 2528 1536 2552 1620 2504 1560 1572 2576 2588
4556 1763 4593 1883 4701 1859 4557 1931 4533 2003 2014 4485 1978 1643 4700 1966 4461 4664 4676 1691 4688 4689 1835 4665 4677 1955 4581 1942 4509 1930 4616 1739 4437 4617 1811 4652 1715 4628 4629 1907 4605 1990
3228 268 3169 3168 3180 100 3204 255 3241 303 3229 399 388 124 244 231 3301 3288 52 63 3216 3217 196 3337 292 3193 375 3181 471 460 3192 220 423 39 28 3336 148 3300 172 3348 3349 412
307 3853 355 3913 235 3889 3901 379 4009 283 3948 163 3912 3877 3924 259 43 331 319 3841 3852 139 3876 3865 211 3900 187 3996 115 4008 3840 3864 3984 127 3768 151 3744 55 66 67 3936 19
2902 2090 2962 2963 2162 2843 2186 2939 2282 2915 2258 2269 2747 2114 2854 2891 2197 2950 2018 2830 2819 2138 2974 2973 1922 2890 1970 2914 2066 2806 2042 1874 1994 2938 1946 2901 1826 2949 1850 2853 1898 2925
3500 1805 3548 3547 3536 1637 3464 3476 1733 3417 1853 3537 1877 3499 1541 3513 1876 1589 3523 3512 1613 3475 1565 3488 3489 1901 1900 3177 1732 3321 1685 1661 1767 1684 3344 1708 1709 3524 1781 3465 1757 1756
1003 992 3952 920 3976 944 4024 872 4000 1040 4048 896 3988 3893 968 955 883 1027 1016 4085 4084 4096 4097 1088 3941 3940 907 4012 931 3964 1064 4049 848 4061 4060 4072 4073 1112 4037 1136 4109 4108
725 3363 653 3435 581 3387 629 3542 557 3446 592 3326 520 3459 3422 3398 3362 701 712 3411 3410 509 3386 485 3374 605 3483 3482 437 448 677 3518 3493 3531 749 3507 3506 533 3530 461 3517 413
4095 800 811 3999 728 4023 776 4047 4046 4034 512 4106 440 824 3951 536 3986 3975 752 4011 656 3939 763 3987 584 4118 632 4059 4070 560 680 704 608 691 3963 739 3891 715 3867 703 3795 607
191 4740 287 4753 263 4692 4680 155 167 4728 47 4632 95 4776 4705 4752 4704 4777 359 4741 431 4717 407 4789 4788 143 131 4656 11 23 335 455 179 4729 4730 479 4754 4765 4764 119 107 4620
4627 1595 4651 1583 4699 1607 4784 1679 4772 4773 4774 2087 4786 1619 1559 1655 4785 4675 1571 4640 1631 4736 4737 4738 4749 4748 1703 4712 4724 1775 1727 1943 4713 4796 4797 4798 2039 4714 1991 4642 4653 1871
3828 103 114 3756 3757 402 3818 522 3674 414 3578 462 3602 282 450 546 558 271 3817 210 3804 3805 3793 306 3745 3746 498 3662 486 3554 3769 3829 3650 258 247 3780 3781 439 3770 474 3794 426
